15004755199009710112284631964986966556476336056333019315030628511687640687855
15318266778559804796161468693805934699816248964181771373202677263788356091966
21084812907981976590616273856733239752898324331096631817429376364992199245077
5636184294148062194876366401842279766663069214434874806653060521074033146238
6721506838139722665156510365082846016875717932043539182964764589678385589523
11943639650473757095785903904840051358425922223017379643223286595958209474380
6354883204417868654995200871853924015150498609025898813842593893799471957281
19960180148820871910265218540277981333678365192288439510257983176730937339778
13310672245036362984578174140622521901893196659347366704249218702147815028505
15218922118013225397588608508192354248499068684585346975422818290358394549530
18900766744149486077075176468404618687618102595953912767444793293520485452133
12833150219826439819762082489638761439994562715615207062495979381254452280793
11057213148101060798664004064203681695878174823523038459418516426207198439136
11054396530123931261097718916740369695093460981210867096241544696066287154793
16825926806920694439088751684514870683206089636661107391722592104004085920575
13440079351775688389556791488077312151172698656108861181959294706382746174938
11108402526221460776506151037837932850526817231709686760348774734078410645036
18861310835399813086175443537624897726861261115477866506622952469241663104958
21680212448577555203407526409842090677195170129049253157463386788689456570382
13976596683711346144558239851778036630461762212499291377697846072077993350848
17493281521701261978936031262729271711038435708710656748432317001784313153810
6539119706033780069409529034799481093294635243933491090352752602555368961661
11443744603156797600027092540667202924468723290339638487536437186101725878272
13362629427576421101888259552422219376723188824227086677220035189526204876711
20871337257054239626213432052301926074312736419831927038373669023366805047612
14159696906448094288204933649909167209068376788186824300084557593142012556816
16056382658305543039561912702884214819811731461746061577990045844491434933114
18447150821664488114580859092243712740637614632286420693803470535308001701697
18043462089268125200493451981414918238106049685834808737978820089260772661573
15117870695297666323778626225539075842039096177228521111669084833824167718800
11112977123087943781945744615726124673211913154784207617186981416570633242792
12639880799735550072383143764882983455885008850039556792207391157195587303958
14503906893449405261848000004099006358488076416725059153159016102682261629146
18005220503639435429469581965956487518795582687145920123488445493694878248503
14860490677783185232648515082901556073368017344975643535165609760265979852681
13275708567371101165407565055288833037807278030611162245437150830428977108545
6486061627763218206956694806563466598240945105607961998023458807993322375708
13935624788413137892587372293564132095513480218592905356451488454976913493265
11507106108317851101937885963541388726353460719588062863183467376378186011459
18269044356211700457820334454920873292800027045472459596849759363222921644538
14233459989389180454064729777668129976553411654611279127959888104789283758710
18839857843948368560956625231646604046310384577318779515596567381978845175121
21510386365526121495816005160057782472608254918988489023264997567121412964732
13422090246173607049466884380495164770429228333377559315641056919024925861093
12168806643518440457462023029048104037724740814154284495750701657839560076353
15957423704379997882587279075485328980704676384034797100269858404135873003228
5284033741458231624521787540277115282331454594857998443200187603794952518632
16426274193956606671138015180372485652810923335116532318262770958325467069951
11083594701949027080366766389423937659008350411874493467432827111647873066102
13679502940324775899542949661386031029680811684774689138558325544561393708126
13901176978132159190479665487616180518001791936436502622782752046419421871910
14035159138730115711707199270347316591991875467449108870186000458937520791042
12418133968040268610181089250702395509102161458145556093022972987605625603536
11473205631028319559391244341034591953565508452307903460973369355689135526816
18378559563262980433510380395437839758434097787134688212574237445851949609269
19668036491856081866210246813975992805604244639338578943621464869331364678787
14071704192778053957643232023196007999520196085474469884431320298218043527585
21886794387659550156989394881715872468511120324312813801318249979763171313346
18803392626879651217926517313184566824897520849256347328713262956659947850085
18938993565769877521425429369948856364147991758447812591343373473444368743148
16656662049728699934896619149941293372534189618852720982389279230822337426835
11480342989200129795289678861202962663166478035630791357293030799081014498159
12607869826366079148460560518299249818387456040480988201278784751817772388887
18008278363070786140321106822688353089334923973922291278854750338539374779494
491952719870455861096385743993116103412352584698999996383315902968881256018
15923859339081289178184391626433087350805538262651184273529569073853942456432
11747402267270795545405713325341216794836689557676097537772359646002329926694
17005620904282182053145651126479842536070825937787707060448129519548710971542
17565453788897130829236758652945772562252316632059202363031895881326975234500
17795469711672207341399161046875194478454410609774108683834988584930024638526
19404265024020475123173152919136727007575609416031364828200137644511975601318
14461395344988187464978536046464628644997296047155734723837454485218296538680
10391936417916890548837755187949646252309246520963305422079983893680292874345
16763662525082420335268340584261927449024899133429013023060343067010979216399
15762125048094890793848693129239203309722970430746161564371936355116839470053
14249782530678875689003326152285911004737179754890979030893605713973003787521
16545637715109650152153032666285379508213024303980285406839081907668317873076
18785136059328515327247883257279795995722907575867020453860396840773047312436
19763801577923676579019579838606412823094491128469597906704029240998895503492
12032572668735234778665680157345383202295997178601940159661308331563914299206
21246170290883498397772121920669225624394339838411438371902008974366951526261
11731387104049207657352113207234705916947132685695830869782073634999058713675
11619082878191731734904409401613902118991930483386934608357453498742897307071
20595076292774391507752920229657165094689637467716441525230270954905141888788
19591547371448951422549079428083506889964871316284726519537181386055152943831
3047390388355069886793248555359196992033432814562442242143248091771104822580
18342422255042918609037925321902413887294514593137588374976786105868363065186
12019249248252889714525136825509691225359700048006559996897792149124218011005
16769176663588170966349683336235389403526741319014445673481853222456309571005
13954721864478169562351156074515703399404708574679595871693603607002997639966
14273765295005192946311568282982512158391660212734218258033286710009324714087
11382989168521024869950906102002145605098945983170215878762385866250901868724
15196100128274851212250046964785145219583851021035792752156467873832710412723
18299051031214502260967324723796483584060458110923214507574855157642767650087
14007977600156063231665384724535174057055982752759423206215607869178651307769
19994741552923279801204973705680564829143746424276868236651047413501673820063
14108051180742821621107901787318687370507386826576497677179956138812126228742
19585222741669631718540858408756905483768222529532472677276644668348092687849
21405105836621519534649153545446810957015094808799941591769017551961139875909
13711368952029587734700379218770856499499686250398622343920282071577225497906
12473614133356261804211792646771160127738842767678775145121445547295191536344
12135528012581140864707765257271797135366517667841952560577351015295024106303
10996971922920397038914850745285386501741249112980338872173437345819349271747
15597673638322228408274502012837450679619356417322598563309270045979636274870
16293140388811069218440222271173390331057490438055160790298126924963862777698
11375874201889427282185387458843725691459726487740747942860457346944194186384
21821574512815769964015845440405575186716770711903856926148881805615866089767
14007970043527318079952507751218408387548411351522747002478263418152386877234
12198947450015079436314681075750733624012534875979599974512166596397198354129
21752783865440532878256725166869491437714611917015176825754074844434617411052
13922567759018331097364094758288187468378050797445924414895441064032476170152
11449644955888757517937223971199408744482408509297293647567365727875758134120
1858674325211332723182091883543155468645418081398402103340999509293067030007
18114732099332033371229608316241145759850071177457681365775948331990558585724
18804094934298285024290120576967443851916580221808857579310711678642461382235
20882990983976263127093903461061158239391752933665156832286583780520675031785
16830177701489002144430775370642740063093803286089140068286649065802316936796
17084260737442006786979348603488520594130095490479865767699394534090371239419
3187136668715671044421393593134207607677330820946549392598903401139572588574
13800827583565554408282676794156294323729858042934255385290364174521806560319
12111260988924482839111462656340273862055999998143505340881000991396995737382
17749272813880408190478959744676312602966328318234108069026122117553618265569
21652737821787242112992381572562448800730885003440857828212220669098737430620
11735908962230495931353931100998293233214861925905471887222179968505726682675
12824835414130352294713704584268855980650670822506261713252167862821059568796
21704181518052642405043287506483288217775196815737782059900362876102396315681
1111044344644800469548223408445942081001591758637079086851265193032110674971
13979633767564324174185774093938003405182995436534194595665321361071786624530
13966210871754677217471735493627223190783001579777521381021660496364504090339
11823592273596271239375790800997627341644847100033981617725281720849837009796
20415135002463211571443484551317802759778928713603992742361051977371004604931
12777966102014465128355802488703499578052635956887878367265321318146678428682
21376924218830527668506860564930833353988318504152362776102902294035334593484
14342598439513953108842092199118271017942532387003535441702451115846490913048
1350794106122086409693914894072590333775763384509304032240972399098144484070
14400929299952699121794220314480224116104458204018799226689360629874488614418
12171146978036756083700234327031846418369043955619817538792036381642611211811
19713292741702458084838815919754303868814440540906421960312344401786132661661
14816483229217277272520317746281503567952513358830598801062918237273469321434
14243859897177662890992460815035700016552994053818933262717379227093218434530
4567906501920606379879208770627884772598764364111831245120262728442487183551
18739053783633165703007658030147691198048941115609046865831727808586372727762
11211400574083875042316171511511124229401005763869415078093357714275365668617
20461093314697487927268897941245399176657014827744982902531584260441106881389
10984654671058209775810409415770180411622761444414987197194744132613396020529
18509534616162049248592694479689205275315664126800252822849830817944833726493
12469001652101171193884567621734683536338740230525228364177693949700993209136
13986374066512200353901114636418147870106604788300642299777048607113096470470
2077324490044665908825141711046644456947400523060057436618392077944435062191
12894398849621140803577680940215358472739729689114251256851509513060679180259
20954548717515268197744040180297332592163407543337342083068834351968948270750
18573603005627794457216771840052974136984167339806409869411792318468078519551
13183320135090912500720140384209349647765097406801339763361872177077656172311
21444020311407236823568124930781746021301382580685175818372099053274546008233
13155399217680987931373279077281368652721933997401661155889459875441374763409
14397795390044225274000092487906784260812438675547433958981602864832751023483
19194572786034835796474408628770019869879017806630924719165113031053254938961
13992357109989151702689043119669601836258459259276860979333795620420610773359
21846094267045795957169870010546411970816482703387758771483253982877063990266
7405091892606211420116326031272099498393335328137822555480979892321862302421
11520853273375154678412965327945347981757237780482028245842791231937227984599
20013543581990030572651476472758563915062807876022254286147355240750987167218
11198863915530724891492128343769496710904639645134112790662385530387174116295
16221191991836929913238349418660338113246104753266336708584715988979534935577
17435906678791839605968049365301151255271386892696838963158623696132404875265
13447298880347562855719661683439751313802203937156944599792559883997244624228
19882557034156280417582781408153569160912865630183196121675280357075112773699
18809315418009070262775767472871914684402546756973604794972302914567165517205
19249250973388184566511322053864811173544965648780700048402311813570921515511
12596313511870333505486276121651305934646770290423226957231700250494147529417
12416768817117698491930762808520243498786800815910493208889947729268022828259
13655350715221990140376026293152006820674623962434650902988194561070061526445
11425158105714513743750639871864951898634183085139325416265274754849404509862
12575858909182638372343124202677307869648317449687953737489881767998680981438
19349997171911417471983641477535084511132321646580387431153060534232637799854
20101660795918114653538637660534556226279596388604073789884611170350039858865
11546667201425975993309540858199724206624077866492368668500106158642540927844
19187924577781000561765422585635337223014095521268433151932865745561631601019
14090488263793256930271621876080473264296317086958769181131712765133880140388
17858090553146658141605558063663898044376868988567270951001270420677530850542
4183013855883744236173090536171647245007001531676158342766569821538835459477
11392810175010822082308817075329744677649810425479668123231686483854617137243
19728027183309422568598701572737659163009919766844107498899450834829760097420
13510711974441212354032057260667112674861087769679526521754442103308753899836
14008184188664208561658085641700912658807303856430063331122233303864498362823
18987967124676897763379679396270816707179863953801132345597245703346084851519
19653165211069721139881268638353491016350355950298268445373855020413546800501
11076427300060572660954156390934604504962686958508885677754831439347621988951
3506791095434795404676786290016752246049588228620731916659356184195596928171
7999391895304906496374729130643267729359924989599101067705571486972522112828
11079482538572881953333390865581228560097377873041326225947017145718935783408
19309782563212893710534353938820825674118832782210266985074996625850129363115
11752735858251247259278951269439519954034641048099341999487256671978786237954
13845115969579160468357574963103761044181336611193630253781263638702872791852
17243204877505715381292511065368718271927426401579483083258115100335031214431
18591539596871322341344984234110787384289466139070537017461806638261540546364
13627072776712107304918818741147646426582515830898466572097096726122476296670
18031275962694941607340326577544018298108395312287304390382631381963713991135
1575605023009444897154598805328972872835367497824490701019001204879575291540
11088099825269453529200209395973767355563617829935221300471799658585463890194
14466122037430179074412993475496401511522321539481222819122814515957379547626
13521885700243583422892982412346439915529856971780478383001051684277678622273
14148088698154824735844411256073145628476802818955101319773835156262409729615
13173311175359892174292499471560615394897535762577530583181930196594635305798
20784483371513165142280710525177409576635201628414628864470153667811002096669
11778660314741087247029231836521465415022683622971530896367454907624266001748
12831688941979363995238929773150552728028170866043704988413162194019377156093
13220310476856832734083974090804587483469290670444707552123008055546966742230
13416964564343167349740529045629674923868353085896444724237069721606016665113
16862003135965647027814378679403466085186911009526326744045191308501051712914
16535597705684037914207088918154975726912692765223849618770916581530360767081
15452448542124004762613023628820373327171679511502200567102920345076566435573
14315731522411165761387992072882385693093525285748504474678895111062805433054
15626949902574320885134382437231521484536026705588126215005335295124786248421
21505277464698528558120284533444308520254588015194883342222944962509214994827
15571983710491548961298910809960596644971251294040520271125494223241031705793
18975417766963883077657993389731809627325057306670680213796441256748020298781
18932443460983078110769395173663850786902756181092796315047582597620900779631
14034724914516784207053211105743369513852805587305137602505854835009669240014
14228352412552125419194437357611731746530787645021929277397957150357021472608
14332010899516966556712406892354542503506303306766675205530823465272917563353
18166241346267966383885451306816820822674242809366174145473037932588045789048
19770762295018769177020622229299354779146253271988702379357141991273987224334
17785736907824345852408566857681565166671702997940381340632148035174792145601
11143230690882801784602756929047541671588868716079551924231466683513249866333
11984023077420243257057612576912599497044634734825671072524788795766540933420
11675003600495302489205864068203972160647594802983354865651219352541276642949
12577265100620680711867037043056822839239235989355280700695587618744551145913
11592127094254043584947516654662965572618358821062792263521378030671510081695
16838299649824247993392919139433075813289088477824684617459959756119275343664
20542576851304171957630197275058291409455447287060696030050671540311250409960
13792590281379690430745085767554322699480342791365487509901011237426428280696
11902644714737132722917542378645780219262220157204944695804854026924262637895
14864697694998474930703285767177357335875825554332709745645804886907122404312
13820641370827520141962230228490206794277003976153207383172727991700658619212
18888036568498347302698320382142851570038645378223952465429245606812247529262
12262669364711165666125893119745308564260958448742493352117734012340623911135
12771528160364007602010429474185682562547296526032461489781150469741145015745
13853713142943822401219783263508176529101489969700052445177172141415152477824
13993867948507978002559317256970252540919204417216378091011444767796819662411
12414675037416116741546923926086330948752021736482790413421421230921627165431
13669511465734682258789574029459192740657609047703861804975235478934278340346
12516061178806712145487653410982325279866582149541499938527936870005126765117
20855185912133191973730724938781346498541681659041626635402736005463328027356
13779213468892329004790886187228678279659000840655321923473466213083339708739
12768911396268143540090625872970931551446516908136012596647032032382999307172
14472395529904303883479845737654712372069529210802704256491317228201776931907
11723572978463385510345186541090107901484745802372097971380399821148894729210
6838036777654722862734994535928738927515465551279496784909270017347980754641
14709697370281646916968686662918866116165320073427886009088586854034165457021
12966204318598799005059285031810038431279444682312288110850729654892908930709
18156551137209134395865913200044997780925871875926029207109519527441400909692
14109562524802739730243059083265270757154772454235058517940511562378315757629
12548878481817717525409254199484938725946040356994046471218606882633650567017
11415267421956226969467382904819271336899716435557819594591577521255832127395
12657711036166019817854494573429097955247716714109469221148472421794041960418
19336731153027144355942134309220741267855232831448320164608511377393556407089
14958346451159649956096516519940542583871283728960240358649898587404629747653
19173626237082258834598257116742646144167368615453931404650460065059966077083
21241926836824794065244004617955276323362600338781610214136233582742549207703
8898966669712853786294940975948254470228854882499310765620075647825118307571
4093882755786419922844633858892961272389493863236559635879161868290463028734
16000480113844867484165260960847571866261230538124150911686569537577255760388
21667371382499604627736289422398284504854870470581079368846789859620648941298
13295700538898279517635062273935282453248008075770700996863472161866965520645
14687397009256398829195476237493572985087795291675989707366676029497487814410
14146499913554736201143995230626996192487213417831645424706150106937331306932
15315741855103496724298174660319321740170345566817367201868977063314882597631
11008306124526920046142906121545047465924658111679934807141152754170737714066
11985959730914767687041418847673371147748701582864347524806328240748015963178
19236814005795465349337623662657356036253029986410646517758047230825652979558
18691722613835193272156844008620262557471250110625060459029995897648607521399
12974615282909081963976776938973874937908423648554817778772682581372820845621
9051050502353987258224331718280918313588282673532748939591588689276923827679
19902414041923364615360429534055275099353660102431821111508040760154019463857
15520811947839045386715924893033671819072159491200594705066436288100916662462
4813664449581275838511361643102118235978304186042093512396091313691531648311
14208025411379220941736434545214126342728121840109524087947484854439646763980
2758501937155410163846921495780991972652173803051839850077778478663522655970
15182040741999421531699796772149373502306988773805863524221870669858444018226
18815161443732202754504446971678505172965553011357399919512658459050768705667
12265916319717298709769485171787512601416158197650297569328246625180923813574
12617276631040204067226055073486997321023026940580647427823400151881001048331
12464499060054124608772121831505482359557447179772481075920424194662076429519
11818324850849687712013652170804462130124189094735860631470665256890154913305
20216884118571430146358465793399608374109536919987944389053852794577238976266
11474844194485729842154900044475559335224481992633897004661868776942641103299
14099482332155281959052675596505671066472368506967100662423313337370102694665
12869949944587031358750926495919673178017688264527297310877135384313871382378
17299357518455734461089720258012462575428347623460759579645940882365938745734
17072282502009440634165888088793686205970154343649283884676148735259169706771
13204522710088518160846911373388022088044233426487196362074513839045008324216
11273162876159427751774194072347782843084623016337205628053132212957425320708
20061137589286124950009790171672200484754832588839956525149097312133458421166
271183584504840741422527631596213149193649758713127163871412125047003842888
13756353101249169119103373259307848315733387467833395835863232480413617168126
14660708196539820965135655172337699833313582821697933064658356076868701280843
18054298885343182741225058158693855838965955391349876711209689191552271077247
18392756852324190399708439850483910379604785436030135557348112530280392620734
17840641003091138258050845775637974743601969104538055969093068896454309853626
13332503978251272178489081458724041265323655061416850361145676209354424188365
15977742486202749185202759126332938161053555529459208160298826251507439324181
19735203772182291518229782529360403255875048195177383343936006242764107415516
18229727137817314411524674962878894372202847067601295590821689517724528054327
13190939645692440988397094802647150403516741176911559157615484108670390288990
17850573203770228157892734789784719967836283303424653563980039365694314807634
9912327196437170247078523500991575588736229980561402543599940724933778375115
14956588428179858273861810915049095007121719931564878933922240990485781355314
13239480231734949677786290348582185343088777378815629104902651364023801005522
12040798290404335551590590410203169703332610137280423942888179010113597327363
11489112246073769759955225041504510449666176838714088027694560389484826088166
15227627481797697903508057684945300389123969635463052860299841201475598130631
11913348290844784254666053295234249546887935760382756682368348251379627375597
12640905248574467445813071802677566861602412756280171415635575254593160410977
8768741511276900139588570205600579588196925047859720096798395102092835105115
5983720710500291402569303414549669391847957655812013105781108322617567981227
13914389558326886052317099218153005066400098130440805633929385129438890437805
11037732839614920025019793812984627910174719563548645882924004338373813054304
20699447154637050265556465079090033856008844851750678193367273480494311244691
19568401069030195045807910892315749842808877607097711035544731620214619828924
21316626032950208039873633566392926371722311276028929289233558875180632832563
13144847975584596381046342502502841314214404177098231518567349354137787291133
5000251537091944223194156991724520522843737207113187663187585081773794856983
15480961194393186404257434365054243486866099552864074970844693267255970269793
13993582315378791194027400713409627068245120416951358134208936544865324090508
20963012162518393549699532871944386056012978205668918351870739744537426096583
15675313281550316325953678526854561691266805837029721839721343058464189140481
21556251332051413293575261547948071869355246689850655681785113922559398677872
16818674880463190924287305689789166215265313801983039221402782313848436347382
17480439945646342540359383810668312244499487854232669454765081832520372020179
11084029121123955238902049618046640163460284802638637691320075254599685645348
18235732145528213011758685221183547369508990134463253780054603100006005072640
114209627506677517863526658740745898613856091554460655085141119980540542013
1968936857597226104421999605827719779451117593997031261113322670014700117460
11559362756183998695424049923595938150543368271187337131074657746907525633796
11245380311843662274687417336893122961171991402389018027575579795010721810442
11768941480029801472654403756203294595654638356930078319885431076531973498282
11195198877975929849714691517031724896027642172646717253265904729392821474069
14083561904249661560775558009142008168097669380529646929021128747118405364083
18164910524478051949489822640707578238427549613440267342897212941751092383092
20535261265316234396587107235758300951477897284419978678991658229949613354818
10167506958339424088859565170207842891751976746789568907612653893572988479596
19638165863274879904080518923342818329189084722287606352156507237746197920184
14518893071232125179894033186602077295401899761656751319830808170972531062171
12116819672948630740900668087146244056351356869239884805987304285238402225562
21306800910059830090879007379408893820247376924632191705495400870099946493794
19325554643579130885602427991138861871605333023329331823201228865980021254879
11346006674700045124057315836110256558605595838365888174271001680554639294391
14180510699512214469772190955530049745129958012975985047357434143252120046091
12397385077765854704709156893767161078796007722057724555574833137699378852888
12702185460985153566316144085330491670663193507911622884368467244668212963432
14443874477472283754742782487411143657877594665302716352995173286267290711381
19188710556203801529266963445683874854745302453618163860422699653111767557039
13756908888061980023813474178600353488061161628641090584301145036996351111421
13203281180649136820795278697775807390542514000752243363660327975517873639448
17836633239394719494034312781954667106716408402560051291237440271543736385072
12052866780314609500280333449724545706417586587915350409037392643487412038076
13156384708417689031108458334943969654169642861480861896365762069760055651946
16796978637664300592114371984820406454207802352136877037338677393383252024868
12050660507396271510416619765022733224684087196250022490716785320142117685772
13838491366529252055440131164446674005911041184054390414034893079048345841032
11367445919096182239521831571651082573302375890602002015893287037350182473309
17126382281536261256555374157415248285997512552362072162434714497198428270521
14585315170702815353540608298375025430267561005048345482409806652817356356863
13931612283157985178870091565081581266605844042621475267488064217513631015080
20715032089372278867425658727388218704164257864425241474775444312918625279053
14184673795583107230066696891544773691400166771647915365684120240684164231976
11260011700165237050204577537978476451728598223404574151999514501022118833052
13764858731815768105491767018549524157182656685209090809227209308504008378373
14556190830876104387689852157910835721614943996875630880424793913307711447488
12018430543639458601169282215498085161972625024055376011399379150762834950373
17776689998570580961686705461677660229873505086547911664269037748470837762989
17559017151965997055724305801694587990115319589955509657706124271274834763234
12964538347256603243441158759843413761356108016813755570355801217610548501182
11337396924413509118549722384534158634634195049884774399745774559401667850123
11494143537289150354948506204729726225000895051400734734254853816084763472489
14603759275489581329667819303776226181339381295225187602105964301495464399976
14119250474078591700755822649572025195341844940972264076207864912199079880195
8907915878752633103187833045110282918029908336404979522559906812011868313922
13821176319903340709016108427590896785079669895416556030648804001877779418719
13718851632158157542731969408714643082501237654252834058085200478367425944091
12133142365560357335114075664719894001069283110352412597723002143123081753397
18874248190938698830481764978364462391980809376237863624358298927437224779586
11501553551120199138078102369259646755542418258985019658373172026187114786150
17029976830942817241972532194667691056573330460722574045948318823231742546859
14148496367710345319347184652369243037862083336919976459956489364016318325360
11155204483293256250931600699362791821188722353474498896364438232794340835654
13065396103865884833506187954744083767933909165847687352922163803313936853739
20400929908355322412148056809467434106173740480319371089475124107255787540406
16891921587010064859486694991740406085718198332371011335057829649996531321184
12990521303446869936971366546285082459214721723477760185599851556929110358343
11712374796143752130724964240544595797128356791928170692639939026094992037484
11588446473700645300507967589271608830975612995276158069310978637631904135135
13508043027563343342605700974967528725375840918304846068556601282060255254489
6037549663909818671135376179746651700906752807132246129015767291676900126279
2602187819055276414484136686925859500083664311598207840284267868377584529722
11927432190043907088011485424414025895906691340315438266177476528861024701418
11107595261997029137289951075128646319710955005518948133768408433762298684723
19567726274968900377229997866049415270106392982063240441701786968747518674085
16815555183024197457138271460214297559753218104747267555652419504126412731396
12887628798566509466720483469426426043223990946515628752060251117436434079103
15613028467592291165378773223846315714041837249070850013165467080975072499529
19689222659613838397147417033190115204129803079316280244184382934019479991269
19946452725201789454227701935458187992695166241236372912621202564764525158107
11651224404624236957299669448637529793186125581467274398465396361175585008084
14198452017745281878763673590478223584831082455504596452193233978173746767883
12100585185993495478879918109803388923438500410344410543188594715633349650387
14004992029931879413447608762217058021214167434510551169704164558304005022972
14207726143788054940232596618913224988464363006073076513253936299993886852613
17941351332510300816375631441363120894467107534732878748369430454254400976633
11232977346013070459347500027294436591895063164295640908001050669399607054218
16077555428890511475314963638185351958833000749104470553329691504523957435127
5097098936371155745647092144749200923019665678222242599718423513293371728819
13730406681437677500397092115123547834078511809085722313733139875950402292459
13038577037930149883939725211042522420964775548704632067645330747819186115550
11694555431413879750859990895508038789218301304768656968400153914949690600930
16083629565781406829440534152168927793627222394715257500632838994789241182733
14215623523090914319858200178395715737117091695871695719120840641074398065515
16330657898012095959386380113617728123245165729793147010553624701835479573305
17264625414490313155508570820377404575679570360029114070167726422955483288857
19448785165838991232517421018114098013652450064071602949716344028934977425751
3547482789801671002347093764453471582427863940583079477576639302439514524687
11937525762597559410080315761931161086426008735853352255818692704893861076981
11797480301415435174947498427181585771417170983433308751822687999378250657268
11333381972776953078434591094485479262287837530163904266488010184820830612654
12814618457311370754128464378742715994921791113874249433787614649184368043622
11885386478720212917802051999198128969901543539978242423532128075181525597098
11458172139399247491264530797871850787995818740705870907267534484822464508912
13695937904033976249960710022760928054286279014802179150520946425348644989214
15424390209454096517504427654153553069865683629122211740149149057672111973570
20118749461772877394367288864471648852797756468439069232613590113837054780427
9326280537940531371619698681852759329764598998059455133772000207767569174347
20902605959974849046098014573280506349522609031387352334448463325269828808514
14311098415739854158885906224568856987393621399184598814007710808867069293337
7969493655923405341736429132148537804471149786027006248833364881808856903007
12439007921117903211207865678757664194343514679169434808612330116091821642797
4830829267524843005692279110560967842354814674409989020012783733052662177385
14074592313506312538483898710011204235116810570081725744550461014399541719686
16969723931808430282785150171059770007995992548558470879803907650502511497500
18359790724521595263938606370630091562654632723985399836802039170754035064233
14595960923371758167385220746684000184016939303682117070478988197970081207682
14331385172140897037798416028063440386713222434491867684862563173189935658140
20561757304290838232763634066537410408798669649264712848239943031014217214059
18166613670314546729511641552432565522613758584485790699964627994655984244147
11031499634226173098062047326191006827217943047621952789237704935728359707629
3886743904677190581398728496470675145674763012677144564703005114143875536647
20144946170890318502483634173010092898842112944817089292813090555797627172662
18371970164323287641994823950779780290385906027349805244384432862399910133186
11253184171199541757651362389285586930008091878891648980578772439753730332848
10921343346131749701712794936720157409350060543169696737598598099258941938848
12734892454557808157770996764399351653950943581555996099411666030463168743252
19670828922879150131991567198473637938907871949897791130265216568002567348298
12761006138989667368896019414783837737972625884275572472374601158732857823391
21260183307083409293555515381542594858617396188669333725447525292406745341689
12148976955190334847159381995091204889011390381105578658288160259537860458948
19907032606225255356048868217878777745949600831574488441342157056250040054092
20736390708302432274479504768449263454700165759860859058697395062388662439355
14579595756118438611942530699530596520699714984180321970720646403533529143066
12562160990721402199857533124925570568768103737674270536335051729348956248550
16113463704887877678119471482602595654900155286323625388815354797578789641764
21270826710368025588123180815958891019665589901121198472444226816507772576623
14615980659191328688203460675454511706517763481532766914962112852607495975994
16394516811964324435153952880598806254278849940447981087669636777672194816763
12186906402891350204831492390254220102696174609495262292853979617461628195335
11025336387045057746825829463580908387740592501618260373118730811134487815830
11988162202864919910385291413730608970212746873021626809831207399692852492866
15462740624283174686112791723905233357009922670134379500249793622631500898213
11011832819058243165297314203941668424832220301150308069891873514652758682955
13822620053404325892060465477731525028021901864248881862130929290938869334906
21235425131976871768204525774423410402868582968535169944829528056860035550229
14380798900007575863859650699814964142326696826455323699194314161218773219689
13800010047673656067342585552248534192157847909290667493582955463119146605511
16753980787215683153893179687601949580678781699878362340261650370318974742229
17269343031646605003962741686107439835108446809455815863729965834940051324824
15846844318577133548899078440158336069284423002801708488085659797703219430886
20705331127375170735184632590365690910517550564193602305655243117733060224846
16475404114412528367499456046434478112501992743002321250864837684550621613761
15479614888652640313823232732015199910800764393881964151303182503912355952410
17637844848641115130596535630365458639652018637514493091855727126308711096537
11618437938302276301682663246715124459782361592527254523582436132870948661869
11232974274095971796568914079354460755922772215460081353216790678739957816561
20168182128540956648945669762097754852353614801662375484800248044621599705849
14111456605897291404469396151419638653830978084195928576277128429333297657631
15949767705444911215990578655553168876214674814582848002914279527504903732257
14065441094257677181423456742369451126337260382137533948470914676206874702895
13530667996986845278547774920822421517280166235162181851521713199589227891810
21030291902347200411912723142007234674912923810693269914375715950133698068103
16833496087118859240125187497822115614956203656978620593776314047679995144016
16532480391060704012636481930625519432513295711254676727188149333049971909092
10950428314967437384437923773416871710183641749802456255027972155022092683976
2132898580498532265891737413432515986703970755191159122283360974124153172389
11659903795632279356293170237218707760797582243398143099707590591689264181566
4982423975581467811640640098728287955110053450687828657401247551505526491552
5933019156026556909729538257583473194417830997915439250799896604123656048719
21861716227262656075474402818121721442977359374823003889465402892362966061161
15289201176509426991012385061947475924146886250265912687810179583479111407818
14242833911174743334766055795189318766438283091671610615976539656730899269229
16740202739352045884921622548290703918590035352085346600859819712928583029949
17316209419673738211045489518996706994806018578012491995556022032788740291771
13434463091639089466946906580777809921139012153916959780839453444952906959609
14082617596363502884760504095351527874376545514855343743079504638093301251460
12682593734433344707675035297563637181851537041754659181605278018434978630923
5467774596826947028152182481249779988340186914643638966713321352108297206769
12172890293012459367806764300238893347691057161900445903265326177712003799074
12222249191548010278612213840271784173362604160790249683728306984846233467524
13459411077948924395969992813974413579561130259738094991203957492530567475963
14433458319377543058267948278982543534629261752481921168439084427787087735476
11687181664225041684700488022740026399748854134623970380726018004382419550368
16115788844725887875987197137864813884443444890272029596351927914593187620097
18209549973019127305967069548832539285523593564694808663394813937685400551658
15773636161114847017753864621344614663379357217614401636384843673154224074851
12839656502898233901288646281983760156725363051007566435592308877936913805446
19391833562882435734743929627813754063453799043099475534094856466527067690043
21063353356749351041753977487598215634245010011822016766416897087876912754286
11585378031279685217848494011421642653582041684446097466949113811830013371830
14291215677876323877186440400094430837356522279381099478161782103333687852812
15102356215013756757932531985111028701408513947644346102630819949249250392565
13423127892438781764655647111381043739743257256728805160093429099837027866481
11751267519130371307977839524131981935191850866082756699258361415464054640453
12867950659423990843043864705057118812642627401074944869564295215413197204344
17497386133550451881732696145527486713391070735302478545436519794081738054740
13618588441362094139353583616430848203518070614646337669452967000411962258797
12929688419867343854823287783759853360706239251037349262227881147270366398947
11605835458488217505178182579895928956753594214348692282081924901557097179331
11022988235406345609152251378933925548093716038163818317635680752352285210218
21048886415236119660545146784063273840381119486367322512209977766220404583974
10969605126550610807375273901504882638831700099269641624519838850126569109794
14916564789582522372045388028351186353048288647005848407910919440520065587505
13593936777735466131066139291727035100470187720768807488217790388117060921906
12886192628419862534415784811977742200914941878515589142541867313433571916615
11579440800237150445860761033709451560127955734989765839326971559875852293599
14164875115113681901995841055504882863856387091325756462102770496196144159918
15845792118855540907536832417994085848783753118491219998809019561465139252927
14470926229237296133389155419102748091383090745480654771270295693279039680778
18039462373710760864725354377095209242844903974563105430955277165014807347823
11799455060565089470641138926710702610175749304308385868582709591254176669176
16999368751852840368691615742519006381110657539468257792333116531323931305405
7104443834557265206096169696470350552371979956044962328672303113204346587415
21282388796356299558741460764031033241530059025797242237135413476013306854529
21264590645479288239655941482372615580964944138225464704303137259275044120402
21673317845194896494929576746567279195789376466486761256704178132272246700944
13980457981673375479848631718918822739188759695769004546861124796584919609267
12995616149193089745838583830668634836534981890436756753084140547192951312409
10954130336790630376976036539923079448624574513941512171824585107060983118564
1277159131182916934813453887661043931098885230201793416920836172430656233627
15460556644704546213630106274948233520526315361599430814715621613148559711361
19561662012461178147138432490908968572920320818799864305036032045987474813229
20451659814877858748561891169644662581468524720026196951018747028196701199831
12270883385318441184560371511198751091587735023078920009286153317229881918633
18776479908602897359569512172420468016559901817935846630418308296191048130840
18410448175153951104477499541636651427615316486822273811201140957530595350644
14766557074415213682250601073054666305862126002726606240052682735232793717476
12472948610264957061138243623909386103610474705295644341572417595991355472845
12006982249431618035534773323982695981328672523630990423447714952838123000241
11951251996929447307020402860348843837442730556750196365055287929156731346999
12169136177389339433766291691253641204821550436215465270026896158454415928450
15269339925022937327310442391557450186431795876671784522471584271570331348703
11590586419254049540587443163031505292225868259608822666700960062128473726618
15126891490527974130573815984089147473685019070579400600368930631604231835044
12860599468227576186118239445091005923728994669714405144473136840291277501942
16654213408670502220375339521756245345380307689944486936691005329472682292509
14048850249689477416846133681855160031140896909924413750425753347621899206626
12883469749040251550168932244697045965502175016093861453030590478658248806563
17246685507055738741849189656006036102804429379811396583351117386791186126591
11505560733939475600996145678058820688740235776502152356854088283419632843294
11296814687643203150742759606779807854794942015926960549573309154209624169613
17335681946065989492880647319196567573759187652452158485181502280165865263339
3050731836840396048884551815989274553012129609353530428860232048735342108660
11299767721768311709753956299691630439204187151225078641848064559693681215823
11352973732505289586697274967761693553925270765748027643193295552216330655845
19503674699482074586221597544249861379912848198457953684390099222790805484858
15207609358548173471698313879292640355261858223191648483663083939175587671456
6624587312372370108069392341285630396217242223320212993892060764768899063398
1392318097234435758743944162517714113626221882112896393240484003402474080655
15336298148322967789129444746370371016502767724037855646610255174803707461680
6751213202672279818561863402032143387406506837986881134809946482807349147042
20963982457418705757939461025221772858928033282032286203774962568915173921506
18194990163774823881109269240096612452018278369654227359629290173851615535534
16427467008906803804531554737358601278616825208079806050854157809318103059030
17181985244526123263221027928474434599197128320481574736781594403843492350668
21072533357125158793262794534171367728372047290647995074158932751552205128945
20002187528215862154358758568087515411355444860894195004601872641056878761968
11245784867360316582353616092246504498527142454541432649050202739410794922709
20598508926071731038395798722050266936867544848431182320346274847316873941069
13839514198608952681739742682044278156515699729949579949052705679034060806530
15840467434001683192843704631655382983157442177188371919703554523925601757374
13007479644024707587146709289813010223854447673371437630532028453235545919352
20845205352553036498070995761568646587198375415256908734950817894493842398306
11504441853595037509729697824097858021058029804212487384598661511666504966932
17268512841005814969669349927312227631816356962672047102835934107585556077492
10626808513205257145248977931720405555989519161689574867136478468678918255697
12547300403062507332975288413067936663961866359412566286489552752081901527308
14003617780205573237142257242005044716863149641896473281641049709037845778481
20404844913423137540741080029547060878506430007420599787211557748563811583860
4523052037666558563129747389388524271254585103256169264969379714485007818169
11461061129677271497479061075788935700238302995642186601740182585440223703552
20101395653114464217262196033512863009171153775727436592345628862017172477687
12593122560740348295875074341084742166192486189466260938643941846614153306017
17609300426255229864330648884867366249558624845500409823927611568583584537792
15392465990688555112384787082816314161503076492650847341168925811502395741531
18679173949132524732950525121050437319930022309547852508326830496641732310453
19318424331228108634742078768949315397069224774241017449812632060846302550133
12252740402879258859032473483305485044924102348849949995401734123794551944374
11896811222426756097384734345571132483089099946802218506235352536635435838288
13600453785522612098166707177276326214854467855553098665379925995396906863389
12063403071395606067818926238924251801023588325074709617636585963346116672191
12160767781539506214661567578661045265855511602761332214270587414608343777491
15643711467298871738377672524057720614571836442006758178705800016840923837977
18520486815688940703653977502690127192188664701225869708366687287974302409519
11704480149197479087721868969770149752114320610984380915071270745997885830647
11674309996023627970306850080472332241535366176715325609799773846036869416693
15545581362151818116904963327265932973570129478086993673768150305156477547274
11833509483678204917935969666900117469013834313340248874984397926000580724329
21248076762553789365370056803017578897250510919721213334177355957759436776532
13911323172618811719374024162372180732970029305930275639572697893544383308367
11837308289367544706548352368170698303197502191514581043791416983439564173670
13612643791052254844500943877160010230590991633326608575845846401249465633115
21760533974263826074091059164537612895897255463764488056931507833267979636159
12940104894561664832001356507250087066544130896582384534284294509461103877983
19811704672289343337584396800870687456920845338017183874416372303337662498414
18879864748685821181051011528711344830497127367289772891837543494307113352598
16660646440275742362805269965728447031802480583724695388849230729775162294018
13355783714063276028189872854070890108599640362363671105769177344536066082318
11621208979901751958774299943176814820251974273572794959402502775866807409522
13182423871501973169524117471507230467260040824560811683881193222794839731735
16468711946505095149731059323751744609341223431361382188114281996885112769042
16780993985663989285330194177116416061405602446884542427648194749129382187842
12936714062863832828990355906426816306246445954932408879558186119121466662070
8675717524503329603744728907170074239848508302381538326289665601901000437811
17332492549188862214464911037009563770285316033947837267747716672170377082468
12049128067717291546617354450512694809339001372572673913538837279998126329877
11659509093972400074886649034218347952221504601211400384007051837511639983389
10964772192057381404300821646409233401902999090303417481693095743920203491514
11127660593451198977145893867157561822301376486548388409628031380196260014589
13400205712926447945258854952733066214927807683062613563119035820778109414252
20990697310869131003230004979019345020985464287553379982783777320703844109786
13852016116236222063299677596101873820547652170621884059523831646184975774317
21367248717621354654070896270265232733282735731622657071087541168700574185344
12798932498983807434989027148341902596289776527446983137324615739220777935654
17426742460201804685482900638671821250390543317233300341380314016751611370941
16874644077042533764182191079932696391361876247427622779265069151917891222536
11335817655821427984558154260510965336571962751155178754863676020434607955638
16715099351551404284648887037794213010634334792703629997164784478579437410851
14658299651693034846528411784700705990185451797652969609589234432313757277648
790554556309210352141887458530178730071741027822882547669276838102020919087
21881895273747039737384901186003361739669872490979581434743486925977052206864
16038884348649335682374011786810337396615772940630456850712983533609498169771
17468751204920480810365767161481528757920664068075112941986432859448989150206
12067310231850391712966278668591058633706011481225668835733514196744377383115
11415751528477168952645903500040005032308900947428475716496424141114821733271
19683778728569570591688827277342879339271911783375565448851554640347235888309
12119456688711491349989256271174150965527065386618057819422990073894787411011
14638191905932229763775985181236524176771282094987476349327271603759418331074
21083484772720172200449124850160202754764443031506458378435076455607278327421
19331420736133972163832977012777625688365767160998256672117167967726231822934
11379958872513228768932633437678359547116305175672552131016757561649867913449
19428455439848976032884641833038475118231730632188591519452476761120472396186
12623583526085289148585776326307717120855308579355038433066428305313971232936
20843793808564279277920521341473128173102141096090509418041972593908894588109
12643083215520391605329016030559385897827279074707603228129644783164488187436
13971669082458661508282386952387471576722505367715748672114949019662041359445
12404420862642512749770113184956068610754092370593219933346661864619777321211
16638933587293553399094159370271411699403335572503394707503391830597215745296
19080179161999945174928975084862954012986448710948168946668676506642265874588
12386781541469496934448020098175341083134672896838448384287890515799498409960
10218130612256624510052903743900444176937420974005078715660152980801407213794
138501538963709869554101229283956141416865190544686887723634329934840859364
19157243314163323604388806398981451473375015643060924063440049261399870739391
18142192857160325916963262419472984138241062538156669373622440459527921555539
13027968935801134373532077474877691917566601250801992146632022318217634244051
20051758349056269130468917595131772012422426980696460070763184303621848532842
14382741067363807985252476467207981416667508178488640651179547758274717602284
1881226293384538833109285408100622137576299131818453340318239602596467025800
12827183482460881796389053135546302592750236974784225028950098466603536194685
19649112491259740013292690135508902518883091572590471491431586219912976468101
18102173044688006136428202955085290713599403518672844012633841730783766557591
13759532070859996521936715668749220861601265449210996981344676791970907756984
14399115480546682682133309148195382429465396935373954998143851112875627565045
11010546840140985631251365093341045210561238816749330374346370652958141373053
21814586072860901291244456801212233006555893335172420592874119190714760545287
19768715369234493168272017918851209267398918213788311020513722287494563627674
16594096189990660984552923086771799599113091797399264175585684049976467374009
1443590790881006986699630563894362615336866803902676063970371985182573346535
18347041565446958871754899979422143817471949819201078620656095406524610085102
11108798579929027246902961571743211416507944094228734051625127359353053211734
16051501890573591549276764609756938847575271098736588745605194872931075942457
5833583548809209747517585593353117816317904157449177156058717038880472949877
14757960009330602856674299306383487051204473564353584400195690074890636697221
14351473429187986172556121313124947764172502623471015200077129687395780890772
16340392919445082586118313724248306524907922676250562787664063202756235346725
3872379869622531652877583078317449842941722255332127007177960173051349995328
16146277737278000122894212895940737385123910989762188545373152766684146759400
15665201268406988076421810035801503889302818148438815525629577923870508933032
15168103336105931942035120401224625282070195749126987996233570834467240318052
12731756560270256087262918870416684528669984885770537059411525532863527446771
11395406936526109455679825686904959365106121678345622252870218911150364162839
11937901053353466101842876887772608691097056400755935375408086307572727177893
14301035026031403215673555778863128379711862454863238811568292410481112452885
18325058530676728736187575139459687361521866124288823144102383939609332478633
10524577975269352068882166355867794962628622260969861744236773784327846977693
11034763796047538299816673019887526771495117419025738708357650176461896828809
17677032158179056219667125466379237700034091389560398238364925183411112131680
17678769912070453077476337959189160919591700901833190090852360550260927135931
18244630074368987457116947727436923464029097982910274772326618146216916900891
13618850893790353419494736841671993437572797743851334949433388547104558663209
17627086119003780289843948299435014401784893095429932127000457726169330229410
16055591963973617035973944013260222131057929532723448984431250892197812675659
19125350755932014326484976358441592258479504197804424686366468990962550860838
16111799379950622801410319958055898671128206834412528119531891541192123095280
4844941679243832061099671006622764271210042626010240696854014038022820083160
12120105037904517279360967932708861009208708434606464959404724011700150200705
13273138977141113159048438835644046617694432824421158855880054908173554784050
11969427755306655624466394732029409234042753821606786126265687657586822353899
14062177415510336055526770822086235288225791492693479477801659430318197026262
20422803575027528939924083891453441508569705089885145692429396701738585272222
15469763861063667939219544740510097507823229571028085715258723769419305542594
12879973067705168500391017425779427810576694562955332202488640509654883032758
12427890015042990834246069535575953499294200556228359219102648634486995757910
11668609544733884827620981044013964474955499667247325003469944561766728743046
21719461472269265800463098022539949781133927739910972692458718613606738204464
13446338598871888029067140766013371170231647019288154865951167657408661459421
18490680263300341617818761622958163830509143489087973584100889079618964011356
20834473280533247216133125723604807327128728318087177123693059579811633318621
13826569330244687038537919238053877985486718391508491527594391385922691878738
15933446533767805845632988926378178949898318214823032641615860924870072658075
20759565073929742076051032851233980634214298253668700951968007685633294591428
12961738445157936774458403942232281829100931943196458258066494792439330267560
6965446488302529426374890532927552634443270543604148156872220673781582498753
8991595754595903060374006649972004288751890666764207760632731504879395883610
11376486539627143005629557049555374581360580017557205529291162797162666381361
12743018166675644182776401127306655520665967207721210529448070721440579921260
15625074194748941016408129073531739682400565299652348512420332838002690661828
17977297809594292460486216347005704203856040910528321067117596182120336464903
16682642153883748302513921484845085908872359346036953099251287947489822551324
17284317114468361332174980889265521653998151929685312613451514725441886249083
11524880909492060199294006216158045388584546540310345758530622838569851346405
12679555027833740773094158498616659087829103677983626304438820091257441207214
11044169757044580622171627382872575271337575287666800064803692132827147400412
21515101331775055934173048262761891522518522869818538963131092425834947043161
12369211851177167241752386283285311515400424139196909571156271918533946913192
15560151429000145935665286165167542546455750261199696722699898153932885504740
20136020393179969179736973502097669385177471975590964066094202187642855020330
14040797484292100657089381555422251105162769572728760964836296462676148158286
19113165891625622418388868206770952471208551931272779602603506603531175989907
17539217235368422530495375811203819663053833234133899956561395753584026282533
21017114238348938884609181298832989666884935914978458196333374787511519309358
12732454813290071455775048554230209542461157483294407143930555369539391587410
13546574794636258222850811687070531485248597634163282320367794389344234427533
12147650926707152977179038953949977963499790049900154980646868765551928049334
13125217896572181629548184624215678154666443501102811418807998391859336292288
15608871374490100088682514558287241778465723632375997685190638053423148766815
13061752617497091761477710700773813770159435834675235445362934334186330791682
11029476310342429093903962796737177170840585925222524776871271154331959595235
11068783200590987076759848663613291279440549042014441048441630162772718147024
13744119993742138766591011480678808015118528012863351463264429442117464344764
14571435730993058275873229428405337841569920978961755452033309288077116137603
17461253448202668932997456485684014136851254957029952672849201273837715559659
17878382472242675914791307561022496168563873095479055280461877938802240806969
19479667773886765995039663569690169495998219225509836614365564108188270609663
14012437072679512466850012967585727253132147545350124486059237919387427379094
21497562582253658383914029759741749036543476872050091402886627367723010529302
12732861177649493709961400441347071216699474712900171408957565338032928146020
13498281525895260379814489096945590429985361626332366794076128859475753966458
11716365869576351796275280695130411719619390992743197641902566381260016219550
15811077177930018500437084873613299320658522935761857102116233918314931604107
12048084751844778011669348560742491189498756987895602239708292344607943657586
11099452583320573476286965334383790664993845349064221544297902138688142220211
14674971988047914442575209676900588256457539624536964211351690747209246568680
10408635510964353420392526696766257233797024064886475142942184567883421875861
20393477295999598266413581680409511925393037275613058094820763681721173400940
12308327151440991723111134757770964724292508833900802562500063649932327057695
20045922201091167795119182909150907159556783083779634460146725947835858987065
21583717284705770847885492480958341819270099455136914611037012655675373761227
15688350684292366618439214451959829743496298056995327453030856012973377985275
16581707074375028158745064383269127120749268863105153795107162485669903734511
14766714529634237162989976715043498477641257186831741192238176701487571023149
15791970992716101277087888414367488116069313376196159808994475267106151688313
20112660174665527476581341311167803190084227209625357094358206249212718385954
13699474834212155902012417876725091564294470541626536839651361796712747088432
4396988097984344952924592810059941930968130966212940682470157644899723794621
8335951514197748882187985499545141334712967956517148735953105280195897006718
11749384905562296604547413625380920076413050040237735345250223190958777985088
12185433932959518975058115155620402405012837345064804329300836226810047268438
20137460425505381969576847723069780818042792746503492190822648239606391532902
20318212101439538449705211741659597028176195971498622210432713129973016275651
1247739716359424435175400510126992587766559005698369604648302099796404002756
14815336183690317472744243433614841582536841755781264596288081333262690600924
20658282335664519248552743045563984944506576983243850875711245888137930074421
12668415166715331686962499445150857147171428024393238241521778332353418927934
16318210476834479505248656587891846389928313512878198297512133824280784795935
11877882998633327935356742161916343790420323816788680120766388224460495408584
18133489401533186110283079821084784026791245717231186467708996346333928272928
13037247763098914036086200130336676765302763986262042839032530130087196844259
14609334999420278580424087396661693096956962742007227574620731017635497802277
13385138059757888198337298566566578197894314395443684283230944345666799182764
14075795374259521615022124526359065525788894434905543889964574534139857866932
13468687197094828221928469912527210119588451693746051022559186359729860634644
16788594780579447284631140667834094638593593665598619230386615088251718704140
21427070542372105149869071734945180281031823454283976599721088310990956656484
12107798484275704756939929941024609146598545834697914572430638333977983980968
16086176913772156283797850261145004245257191312278142576984462699706483239118
16983462771730316693051362709156507827009133021222300784909446343177306370498
11326161556340983328485539569407863992131788703198020017183832075845603121002
17917343895380226493723716115240437459159781218580847823778082000350065419027
20353152074720320839484853177210918613136816767678688162173025400054148028792
12311081672951616833127696424394862809165866872320155902747197122441500860056
12010861975310798903511399361503202068435140830957530373135754889238758584419
11412103281632838874934960772307188658115045317069113706084422547500761843538
20964428764391264676682631247963352843804384125444933216807970732408637721809
3437304635302873588096449431441418040235943816045603098503562673081427616917
12050885278177077232509837103802645832909003735828635157301776246047023773639
15553018373597906593999343396931778232860741290735540253657012132206501194145
8320782001839100732452264945748120194650138644935594285549500726377781815477
17988721490378157405412244857103835216568064146655901429138239949689389542460
19979092836480540131285580913344026272428759659279803155221658210908460064849
14520114005927693457548188377323724181836063809413529910645337391802896360975
11550779726581690048546772581766213123431089700692783095477838115495735941422
16568765706210497509850337864004977626020993943832907649725138269543616917470
12960944162036951975924810994933502272132552863393566309995804942505118674553
12803562174876051597328804776431372353262025599948473341109031590837377509037
13264761827487001801422089524463402484896485686444004451516671185274765401376
20442410259625448538573954558705318692614006888082822332695391935358963817667
17705795101556811460348981934260265976200839631571120487529728442362956056654
13498036427004773201698461940243341225059710293181805565959319023955444017483
12168304627796683904902470859285585168818523364142100391108557986378592067706
11650176845937127733322083084450282835057457037687706893502033992941075424317
18428325904461692390193040456836131202823399404249127579675360172842869221779
20517880137871185174852700447941148890659009352698843014846645917967526351546
20701895234411786089932235496632299022032294011099280917528630654453090581262
18948955693358041148925878421335062332177240679776009434606586785810784871578
15516316628178549564067950132116554309330337377416222403542852741502135021565
21030344723746512134863899723996707898975642666264993662579547353002453209921
13026754029183207061491142273390731003593246598072876991984997252988061225584
18075269106436635636193806130793873619446388583574888825430751037119576597264
15864410484489646918790883364508482856367763208639416595349268978917566888442
11052790352771388832503916261409298193178231229448610381850842038635867817135
14006815186765619891025064847787486957978422668367954987521733950465382182056
17335298890013869963038101676663508032755518990734987002597647978570721969407
13974941861608133103215921737310404404370166735656725609856117044072233659270
16226620619549367818579316844013812072954332508896545659264797195090525934746
11064210981915080116825373430881845351411386245593671607269155617859878162775
15785671228127361489821622590943751516619120077549070292036767732792009673845
18504676336578776624521606090670560863177533484768801197526824765227354444684
12622808440217990440817960659950818487945842136001629928902647339961725153237
11921097656126895690566303360828306414926352437341244539741063471922725734379
16308337161045513335643942189661131139536272011902371214421217011690399334848
17988669376163107742419216306243462414113809184933703373577884005474583483316
14270579753368730780167464226327239459136349148198765162334697248071731258266
19896545863712000863626384944778309694038040837136003012867168678224566494525
15845730470362771060752255964774444947451930770977029631437792796906696844344
12171912333525494723785454344845457447082229825152878355629386839569369914464
13896443763863969325358033628644618015765048471480001892729624641322508702941
17219923141769483355576192656741196095417043367517686238379921226185787842719
20990495881559046906173296218500609508336305632518161064149001993166785114912
13869903724278462052443860035037695082861541615738091783608306976795721635253
21256590269652993502705436469421151793571956862503092743915030183117794887188
17847107240239943316106855527258978695479560488300509149592671843344405843945
21567121353905591293884009715605335981034564757213553426994933565271413106288
20887224420461662576370788312417462270437487621673913000477812551187059705294
15643849091966047094176114146349982406763625682700923570580808410097845330106
11319924421130346385227516985299530171320609176036876883071321434127578644011
11354444483912975742217026372479866280923688102371912913945736875632776475979
17057227600906880675791669911359480451684729938430066397650460810204839292048
11065364351017261332292744563309825519235420933545048347725238681908305491306
10967685181868660386794599645103649397796630631384846770561097070930502057445
14296981631331533870534656522075052483685912440079937830004323682567780784109
18459136645208682712434441476628379067038641667803140147929271354415597932137
18244996791985718008784355872292861771886987267950356548699676348916897192242
16822525984569400933362343517218193518367048768430005935175491804896807570298
17959626997039150257263808603870050079744505703310389754457196768083771886178
19900161074086471129036471701998349057500257687280418392800496288503250249231
17740010810886885257366568066483216056340446924867792569535451524196196723799
11750762678082217488553336912590104934339681917782564284480939136666439563764
14309162070585656183278739408537137183303172934985599325579949302539726976111
15500296105404238777116634639566700416598228357923373322447821174676602123891
11958972034652612906197347022747046059305456568420324859904071906982457387171
13121409865452108125017697457228912767067426869492762260614225946663336127048
11519517125272743594134128416342279591159001526928028456557731011910916297218
11001359454479801747032921202927766010941761606367663536444495056406099244876
1793657972154382486026970824047499457709590780012235269971281898766362980637
13245891379064057473024243994872061801161098887745795249969508315855391473477
14035068369123775073926086598022594441987305994548779613121946337292339205463
12844261815324287800495657217260375848183831025006673981309547450127983727351
21556972411275465189652270745640537081798413601294844791581913742623630168661
4049532119979081272380919042037406118749239906831310380326244399745942031679
18040020818792347884939252964449853544647302768756029187625251832662610321503
11640572164355789243056728246607131008675521990868425669034462636753369191990
2817535770366451456152440013520849694356729732392880688440173523142550151386
16537214785543786955041311029047254843813592465096960835980861613749360365871
13551724514273447064714115850664206606928140497486856882664276861349712510147
10128723811161526085157128843151765986438566513136399036784296545834174537062
12498370040212712690846654059506667563176279131051071444488617624003712716487
14317327716002013724835684785116035011842889456086019305441072181742082725345
16382071435093047951056345013580865003662410186044445528285580546968407119929
12791870287701622046731958493418287989600740792056106205592658205174583651219
17717964590892499933681600649920465043201469865082707812125516640932610579490
17945988266889365850340626379906151505008909346106442246804451433463085475364
21142724470477698863025696388162660568180031413342477621958779497983826952292
14215852031790844856531286213778708292020611474116182711641904924098398962167
19817701254629275173020327023306553234262923877716048299234376850674558476189
12930344549831205133935854735562305882254376734706038817606958309027251822050
19093660942747687677812640089154311064439040155474828004922123337025048079524
12246494017125657780832015674661029439294919261536712272066263032276654365169
1163854114417318125182049813317645108208799230556078759604624829704264026515
12855911612831354765060443271954551524950620219799679082225907086796597670329
14039381562899025502373208105640680953803989952717045605549613946791550454732
13523550422647984539281331129519869697137069086801351310801468009036956998848
13675445429574046632068534193951664633315700829159935968342876517536466964208
19660363917471128693682750628091860682874902805335603396493277736139603299646
290549040785016497514340000467445455654653107469026159869050351978524959675
16648868746681683238496709587872453216405932983845351496380523368865514017289
13930170293881986363891702348054934873296075543407164059961327579470139658786
21697500152010423146855607645325841652399868664157269112882233812179625333582
12345612809113551436111821539433429757442613535505465134155124849727910572458
16338326846019253502256464052487517387335553325050399515268487275631995325357
20698736207860035971122121580719040670676908450913951845196316131248362761351
433347960212426520079910408935775845797868302073464026374239712136240589642
12548886850835034619954100388115257581382954081656034142805141738327192319285
15811109305280299292271654757801993622506721992319351769467759655315731612968
11241857655825515127320807034872570497710079979062611026853062770320854750987
11215802673617547725604977870907703991705106518935668940940147977294652316271
11305020959732997499433597171890314181870694818122369077883920231687474468016
13765097304136451424557044471203517903427518355255928907169617670460902978752
17596806520780381474939572553332752638145394744343514360491722949542761632265
13116087181514400976992940002201720183299393591919987058266931642222747384274
13651088309252037161710870530375025823263464470804550881203818890380311804265
19290982874254723986703846056550966062271120603408249431357724915189510574756
20156442776823948797496497531660811813297873925118491053511277873698847837221
11329916138128496840109255864406920652523147408699498816728927083236442529787
17177391620009630680750330094803006337280954070453160666440317914265170373397
3058124278189806564289677014086667216205177249332337829615187906641172569115
6251039623378726654012685557408570243570491520248984992370657921613821822202
21579684671474298220024842282225104156346220284627002241476955818503575553386
13710845119928397224978606963739942354383451152821510514714324604173538242400
14296203215596512267838394375143369368160799037783068024999310397811953579516
11665854890112316569496634590041204709861612794860686579065913545295258728730
13781691789673353596693548791543191535061325775141701685995464288338859951982
16945277478131966391128629852765652135877033270502460607172602091751852247152
12871162112075486051383985903935506948702350193096527370727313179651478383000
13958582618533117513778836589161167118031552449411706954482514066982966679603
12572450063921765723726283301736441193989728520162190929654998716042471049250
17538127719947145980166118111863492577939227778507741358957658949353549195262
20372795271829066420449498930522255695495353199090032719514726533089885907505
16405478431612709778074164375972525209892466242634318670262299827417889203998
12346948945875502050960124941396957628562691546790673560998435420758807766761
15595861552079424291952092110117232516760008681680760189008798055302366063359
20267505063959763819075361914784550159659044569188294954363488310457920062811
20177291535666149006711454338947626329941254950188794706044860056336159714593
16460861956691665713610025268653017761991087331463728376892429692350766775051
16016449821527960588092520134468809400179134064905482726483648393078934208976
15159410390404114019244367296398160640200484555879558164451265098050941552148
14799939755288623593768467694455286038460516592000356920746589853608755268430
13638558418876187971330064783734964922633742897582015933607106328669866506855
16357730018375010762197107610162031811873764228958717231022126078016376921528
16644443349822136318575735242849888713695949241239352434673971229835727320783
18243262719273013694701916095962488189101900669663424159915303258769693727783
13227218754513467853763503247894618687497498834168673467439287192990115241286
17158905781744454483592483714324360679852795915870381645376324572943913546934
12999700756020056797691604348294405197816022688644723137407014624449757376601
12488810910763155173901271187995333672724680137813495701649397515050577038268
12811024982277927732109250211855264449804629490850713022940498375267393566627
19587339640273225223804578282813766074627987344090054250564072340128509969495
8099137887616195231845273120398596331507525371081760959372239893070191195541
20895216115339941162438772712231579080120822598142434858755455834782551439151
13515922099717043225529500720882363801605511251816310631231567528810999481812
6883574705304454004811438877984306124056086531306327842101856720979172375483
14451886081770786010735898984992790271086723718079564045751605352528632209057
14542300395385003435715151310117506316302462203958245854721369805951112513046
269364181033621519145042806194171369318061455392669550267957664640539184362
21499840159212608336603915490627794422890683909532604104148687786425091813017
11997141377905388066305586995782772199313181834368178618100510174251019850164
15182154092884139974187934233453393971671923167305251258710932427130800435174
18529532493127510707595550617062089765851905032488553622244671792187285981498
20057411523225211975430979558842819649119184688478993278724250748449733629524
20823364557604469428972643857518699782800303446390238045292158138267036934921
16503700083404264599841565330452269972419591661069658151658507077321550394214
12733094343067789573222872859413369376271635603572748775128410838140425254111
12771854611230181375566960923192015188068256079104230889536082138592966197989
20998754390805929215064178907245750274192374538877772596192622105608432351170
15237560168624097604530095234322770390219959768004813809570486501958690560162
10179591340357335603584913651961211404251914478340652429509259605469574487632
16361223305369002650527809767230099570322082765529273975667705107593827536607
13991865130532442330211523012702753937626327718130233163005562996375512813729
12418667173353933803844234518634276491594425233453193892678035385926832611638
9129199638985212527356183197994379017643079086334826222147025311738795353687
16379435815361571935426292503569097751528049130991226495025363647414860469091
1118105932805894383323789325935546132474697368588327198806587869303371106145
12969112880009461206394046599814393716713035187059977987957837758214840109979
11701199135664808851811526586639525312473180516957278054847200299061675908356
14303674318564614340194711008961578390672535068842437067591796748972893797262
20833630486319441218576662657588478385896853585967218062764560104837510798725
15438302496592356328154162386812913088190624248378818423802924667339158004284
20040569171828334021996556479490705071375798193799706689679649114818718610832
11055080652084182039307927527681240533114484542467429130631097325158034786978
7462628595983749313429140905981239591387227074823842723015621402561775187244
13239992073169817932679242822794496133073295409648238883932558633460919095618
11919897839839246351251414302870347432805427165038220346745612866039516325158
11942378052732813932317532047581883913166623323206040265812081413365336875910
16776986266821497537944993683449812619324262645112231231584807874865826567656
18659952163626850381110930655647607448047674431605882971266203126018840318464
20829914253380778920077121273266426339780313679231852486363227355629079277429
14249528208256073044272325383164954110928366875415831526583297423905332392030
10984643757907251337806084859793464961189604729848864059484369190115161449168
14740636726980092462363253626741093080436401429033815714859794847653727054942
14972184765872288021003073751150204478605039406598279178626808242378531728004
11229170109941641822445110350444980963280894585167839757895527186166005616712
11384648593424359397821502114627244232991235338533571894142539477429773686082
8944102163170498506407748566397727033223984997202995718873600524971079089026
19310076443161132162269881769559839391418961874020725425158048313202476841071
13347163018295671362328814413395694705937727361243236002444055933198371487128
11448668044076488901287541193118976721882543750345702721301238214751300403279
12922412918925590352846382082943610821592484098791765194378256602993637498417
17779069486373741087383932965206306464299844405594280008458403068692162222043
12038939754304059451343582032343742705683609187049375890395621023722974463520
13844497055363502793628536853202569371569587716250448878414239203819665447153
21625869833581201353412243789532957571477602330275265407281210896955455123594
18091178916376313050346769531524275708906929109489384973177038936678286918090
14845534267180979154621279013973881229651593574997436904671741057700338616462
19535821873244848746337134879395689422796606946939318601133652779172501877585
18491687797017468410851531870545120870273931246497017789123560517084696632687
11287320404028812334611598340868225788482615602612963140185837968571160376194
14410831777640476970746319549112946131984082546406737025018713867497798749333
15981079408867110327887444374821217975504584561221101273215197719132191346570
14349047974180749736638246323949467525591351721610399949914193430658029620017